image: /home/ros/maps/maps_L_20200925_sociomap.pgm
resolution: 0.050000
origin: [-19.300000, -20.000000, 0.000000]
negate: 0
occupied_thresh: 0.65
free_thresh: 0.196

